4    21    5.6    3.0
4    38    6.6    3.0
4    57    11.0    3.0
4    77    13.4    3.0
4    93    16.7    3.0
4    115    20.0    3.0
4    129    24.0    3.0
4    148    24.8    3.0
4    169    20.5    3.0
4    191    15.8    3.0
4    205    14.9    3.0
4    224    10.8    3.0
4    238    9.2    3.0
4    257    7.2    3.0
4    272    6.3    3.0
4    288    6.9    3.0
4    306    7.1    3.0
4    317    10.7    3.0
4    328    9.8    3.0
4    340    15.1    3.0
4    354    15.3    3.0
4    373    17.9    3.0
4    388    13.7    3.0
4    402    11.9    3.0
4    418    17.2    3.0
4    440    17.3    3.0
4    450    12.9    3.0
4    472    15.8    3.0
4    491    20.0    3.0
4    508    17.8    3.0
4    520    16.3    3.0
4    542    19.4    3.0
4    564    21.5    3.0
4    586    25.1    3.0
4    600    21.1    3.0
4    611    25.9    3.0
4    623    25.0    3.0
4    640    19.8    3.0
4    657    22.1    3.0
4    681    16.1    3.0
4    700    18.8    3.0
4    719    14.1    3.0
4    739    16.7    3.0
4    756    19.1    3.0
4    778    21.4    3.0
4    795    16.0    3.0
4    814    20.2    3.0
4    829    20.0    3.0
4    848    16.7    3.0
4    872    12.8    3.0
4    886    8.8    3.0
4    905    10.8    3.0
4    916    15.2    3.0
4    928    13.5    3.0
4    949    12.9    3.0
4    963    8.9    3.0
4    982    7.7    3.0
4    999    3.9    3.0
4    1021    7.6    3.0
4    1036    8.6    3.0
4    1047    12.8    3.0
4    1061    12.7    3.0
4    1080    18.0    3.0
4    1097    17.9    3.0
4    1116    22.8    3.0
4    1132    24.6    3.0
4    1151    26.7    3.0
4    1175    30.1    3.0
4    1194    32.0    3.0
21    38    5.9    3.0
21    57    7.5    3.0
21    77    10.9    3.0
21    93    13.7    3.0
21    115    16.8    3.0
21    129    21.2    3.0
21    148    21.0    3.0
21    169    16.2    3.0
21    191    11.5    3.0
21    205    11.0    3.0
21    224    5.8    3.0
21    238    7.1    3.0
21    257    5.9    3.0
21    272    8.0    3.0
21    288    11.1    3.0
21    306    12.1    3.0
21    317    15.4    3.0
21    328    12.8    3.0
21    340    18.0    3.0
21    354    17.2    3.0
21    373    19.7    3.0
21    388    15.5    3.0
21    402    12.7    3.0
21    418    17.3    3.0
21    440    17.5    3.0
21    450    12.2    3.0
21    472    14.1    3.0
21    491    18.6    3.0
21    508    16.3    3.0
21    520    13.3    3.0
21    542    16.2    3.0
21    564    19.4    3.0
21    586    23.8    3.0
21    600    20.8    3.0
21    611    25.6    3.0
21    623    23.6    3.0
21    640    19.0    3.0
21    657    21.6    3.0
21    681    16.1    3.0
21    700    18.5    3.0
21    719    15.0    3.0
21    739    17.9    3.0
21    756    20.8    3.0
21    778    22.3    3.0
21    795    17.4    3.0
21    814    22.4    3.0
21    829    21.7    3.0
21    848    20.0    3.0
21    872    16.9    3.0
21    886    12.2    3.0
21    905    15.7    3.0
21    916    19.1    3.0
21    928    16.5    3.0
21    949    16.5    3.0
21    963    11.6    3.0
21    982    10.9    3.0
21    999    6.2    3.0
21    1021    6.1    3.0
21    1036    9.1    3.0
21    1047    10.8    3.0
21    1061    12.1    3.0
21    1080    16.5    3.0
21    1097    16.0    3.0
21    1116    21.4    3.0
21    1132    22.6    3.0
21    1151    25.8    3.0
21    1175    28.3    3.0
21    1194    31.0    3.0
38    57    5.5    3.0
38    77    7.0    3.0
38    93    10.3    3.0
38    115    13.6    3.0
38    129    17.4    3.0
38    148    18.5    3.0
38    169    14.7    3.0
38    191    10.2    3.0
38    205    9.6    3.0
38    224    7.4    3.0
38    238    5.3    3.0
38    257    8.1    3.0
38    272    5.8    3.0
38    288    10.3    3.0
38    306    9.9    3.0
38    317    13.4    3.0
38    328    9.9    3.0
38    340    14.0    3.0
38    354    12.1    3.0
38    373    15.5    3.0
38    388    12.4    3.0
38    402    8.3    3.0
38    418    13.0    3.0
38    440    14.6    3.0
38    450    10.1    3.0
38    472    10.8    3.0
38    491    15.9    3.0
38    508    15.1    3.0
38    520    12.8    3.0
38    542    14.3    3.0
38    564    16.1    3.0
38    586    20.2    3.0
38    600    16.8    3.0
38    611    21.2    3.0
38    623    19.3    3.0
38    640    14.3    3.0
38    657    16.2    3.0
38    681    10.5    3.0
38    700    13.0    3.0
38    719    9.4    3.0
38    739    12.9    3.0
38    756    15.1    3.0
38    778    16.4    3.0
38    795    11.7    3.0
38    814    16.9    3.0
38    829    16.8    3.0
38    848    14.9    3.0
38    872    13.0    3.0
38    886    7.8    3.0
38    905    12.4    3.0
38    916    14.5    3.0
38    928    11.3    3.0
38    949    12.7    3.0
38    963    6.8    3.0
38    982    8.9    3.0
38    999    7.2    3.0
38    1021    6.9    3.0
38    1036    5.0    3.0
38    1047    7.2    3.0
38    1061    6.5    3.0
38    1080    11.6    3.0
38    1097    11.5    3.0
38    1116    16.4    3.0
38    1132    18.4    3.0
38    1151    20.8    3.0
38    1175    24.0    3.0
38    1194    26.4    3.0
57    77    5.9    3.0
57    93    6.3    3.0
57    115    10.5    3.0
57    129    14.2    3.0
57    148    14.6    3.0
57    169    10.7    3.0
57    191    5.3    3.0
57    205    7.5    3.0
57    224    5.9    3.0
57    238    7.6    3.0
57    257    11.3    3.0
57    272    10.8    3.0
57    288    15.6    3.0
57    306    15.2    3.0
57    317    18.9    3.0
57    328    15.1    3.0
57    340    18.7    3.0
57    354    15.8    3.0
57    373    19.3    3.0
57    388    16.8    3.0
57    402    12.1    3.0
57    418    15.4    3.0
57    440    17.6    3.0
57    450    12.9    3.0
57    472    11.7    3.0
57    491    17.2    3.0
57    508    16.7    3.0
57    520    13.0    3.0
57    542    13.2    3.0
57    564    15.6    3.0
57    586    20.7    3.0
57    600    18.7    3.0
57    611    22.4    3.0
57    623    19.2    3.0
57    640    15.0    3.0
57    657    16.4    3.0
57    681    11.9    3.0
57    700    12.8    3.0
57    719    10.9    3.0
57    739    13.9    3.0
57    756    16.8    3.0
57    778    17.7    3.0
57    795    14.3    3.0
57    814    20.0    3.0
57    829    20.1    3.0
57    848    19.1    3.0
57    872    18.1    3.0
57    886    12.9    3.0
57    905    17.5    3.0
57    916    19.0    3.0
57    928    14.9    3.0
57    949    16.1    3.0
57    963    10.9    3.0
57    982    12.1    3.0
57    999    10.3    3.0
57    1021    7.1    3.0
57    1036    7.0    3.0
57    1047    4.3    3.0
57    1061    7.2    3.0
57    1080    9.8    3.0
57    1097    10.2    3.0
57    1116    15.0    3.0
57    1132    17.0    3.0
57    1151    20.5    3.0
57    1175    22.9    3.0
57    1194    26.4    3.0
77    93    5.9    3.0
77    115    6.8    3.0
77    129    11.1    3.0
77    148    12.0    3.0
77    169    8.8    3.0
77    191    6.6    3.0
77    205    4.9    3.0
77    224    7.8    3.0
77    238    6.2    3.0
77    257    11.8    3.0
77    272    10.1    3.0
77    288    15.5    3.0
77    306    15.8    3.0
77    317    18.2    3.0
77    328    13.2    3.0
77    340    15.5    3.0
77    354    12.1    3.0
77    373    14.9    3.0
77    388    13.4    3.0
77    402    8.3    3.0
77    418    10.1    3.0
77    440    13.0    3.0
77    450    9.3    3.0
77    472    6.4    3.0
77    491    11.9    3.0
77    508    12.7    3.0
77    520    9.8    3.0
77    542    8.7    3.0
77    564    10.0    3.0
77    586    14.8    3.0
77    600    13.1    3.0
77    611    16.6    3.0
77    623    13.5    3.0
77    640    9.3    3.0
77    657    11.6    3.0
77    681    7.6    3.0
77    700    10.2    3.0
77    719    10.1    3.0
77    739    14.3    3.0
77    756    15.1    3.0
77    778    14.2    3.0
77    795    11.1    3.0
77    814    16.5    3.0
77    829    15.6    3.0
77    848    16.6    3.0
77    872    16.5    3.0
77    886    12.1    3.0
77    905    17.5    3.0
77    916    17.7    3.0
77    928    14.1    3.0
77    949    17.3    3.0
77    963    11.5    3.0
77    982    15.1    3.0
77    999    14.0    3.0
77    1021    12.2    3.0
77    1036    9.7    3.0
77    1047    7.4    3.0
77    1061    5.0    3.0
77    1080    7.7    3.0
77    1097    5.1    3.0
77    1116    10.9    3.0
77    1132    11.8    3.0
77    1151    15.2    3.0
77    1175    17.6    3.0
77    1194    20.7    3.0
93    115    6.0    3.0
93    129    8.2    3.0
93    148    9.7    3.0
93    169    7.8    3.0
93    191    4.9    3.0
93    205    8.3    3.0
93    224    10.5    3.0
93    238    11.5    3.0
93    257    16.4    3.0
93    272    15.1    3.0
93    288    20.2    3.0
93    306    19.5    3.0
93    317    22.8    3.0
93    328    18.4    3.0
93    340    20.5    3.0
93    354    16.3    3.0
93    373    20.0    3.0
93    388    19.0    3.0
93    402    13.8    3.0
93    418    15.2    3.0
93    440    18.7    3.0
93    450    15.2    3.0
93    472    11.7    3.0
93    491    17.0    3.0
93    508    18.2    3.0
93    520    14.6    3.0
93    542    12.3    3.0
93    564    13.4    3.0
93    586    18.5    3.0
93    600    17.7    3.0
93    611    20.1    3.0
93    623    15.9    3.0
93    640    12.8    3.0
93    657    12.8    3.0
93    681    10.5    3.0
93    700    9.5    3.0
93    719    10.7    3.0
93    739    13.4    3.0
93    756    15.4    3.0
93    778    15.1    3.0
93    795    13.8    3.0
93    814    19.4    3.0
93    829    19.8    3.0
93    848    20.0    3.0
93    872    20.7    3.0
93    886    16.0    3.0
93    905    20.8    3.0
93    916    20.7    3.0
93    928    16.1    3.0
93    949    18.6    3.0
93    963    13.8    3.0
93    982    16.4    3.0
93    999    16.0    3.0
93    1021    12.6    3.0
93    1036    10.6    3.0
93    1047    5.4    3.0
93    1061    7.1    3.0
93    1080    5.5    3.0
93    1097    6.7    3.0
93    1116    10.1    3.0
93    1132    12.4    3.0
93    1151    16.3    3.0
93    1175    18.4    3.0
93    1194    22.6    3.0
115    129    5.4    3.0
115    148    5.3    3.0
115    169    4.8    3.0
115    191    7.3    3.0
115    205    7.1    3.0
115    224    12.2    3.0
115    238    12.4    3.0
115    257    17.7    3.0
115    272    16.8    3.0
115    288    22.2    3.0
115    306    22.5    3.0
115    317    24.7    3.0
115    328    19.4    3.0
115    340    20.7    3.0
115    354    16.7    3.0
115    373    18.9    3.0
115    388    18.7    3.0
115    402    13.9    3.0
115    418    13.3    3.0
115    440    16.6    3.0
115    450    14.2    3.0
115    472    9.4    3.0
115    491    13.3    3.0
115    508    15.4    3.0
115    520    12.2    3.0
115    542    8.1    3.0
115    564    8.5    3.0
115    586    13.8    3.0
115    600    14.6    3.0
115    611    16.3    3.0
115    623    11.4    3.0
115    640    9.9    3.0
115    657    11.2    3.0
115    681    10.8    3.0
115    700    11.4    3.0
115    719    14.3    3.0
115    739    17.8    3.0
115    756    18.1    3.0
115    778    15.7    3.0
115    795    15.0    3.0
115    814    19.8    3.0
115    829    18.9    3.0
115    848    21.4    3.0
115    872    22.4    3.0
115    886    18.5    3.0
115    905    23.8    3.0
115    916    23.1    3.0
115    928    19.2    3.0
115    949    22.8    3.0
115    963    17.5    3.0
115    982    21.1    3.0
115    999    20.2    3.0
115    1021    17.5    3.0
115    1036    15.4    3.0
115    1047    11.0    3.0
115    1061    10.0    3.0
115    1080    8.2    3.0
115    1097    4.9    3.0
115    1116    8.4    3.0
115    1132    7.8    3.0
115    1151    12.9    3.0
115    1175    13.5    3.0
115    1194    18.0    3.0
129    148    5.5    3.0
129    169    8.9    3.0
129    191    11.2    3.0
129    205    12.5    3.0
129    224    17.1    3.0
129    238    17.2    3.0
129    257    22.7    3.0
129    272    21.0    3.0
129    288    26.2    3.0
129    306    25.8    3.0
129    317    28.2    3.0
129    328    23.1    3.0
129    340    23.6    3.0
129    354    18.9    3.0
129    373    21.6    3.0
129    388    22.3    3.0
129    402    17.5    3.0
129    418    16.2    3.0
129    440    20.4    3.0
129    450    18.8    3.0
129    472    13.7    3.0
129    491    17.1    3.0
129    508    20.1    3.0
129    520    17.3    3.0
129    542    12.8    3.0
129    564    11.6    3.0
129    586    15.7    3.0
129    600    17.0    3.0
129    611    17.2    3.0
129    623    12.0    3.0
129    640    11.8    3.0
129    657    10.5    3.0
129    681    12.5    3.0
129    700    10.8    3.0
129    719    15.3    3.0
129    739    17.9    3.0
129    756    17.7    3.0
129    778    14.9    3.0
129    795    16.2    3.0
129    814    20.5    3.0
129    829    20.5    3.0
129    848    23.0    3.0
129    872    25.1    3.0
129    886    21.4    3.0
129    905    26.4    3.0
129    916    24.8    3.0
129    928    20.7    3.0
129    949    24.3    3.0
129    963    19.9    3.0
129    982    23.7    3.0
129    999    23.8    3.0
129    1021    20.8    3.0
129    1036    18.0    3.0
129    1047    13.3    3.0
129    1061    12.4    3.0
129    1080    8.2    3.0
129    1097    7.4    3.0
129    1116    6.3    3.0
129    1132    7.0    3.0
129    1151    11.4    3.0
129    1175    11.9    3.0
129    1194    17.0    3.0
148    169    5.4    3.0
148    191    10.1    3.0
148    205    11.0    3.0
148    224    15.9    3.0
148    238    17.1    3.0
148    257    22.1    3.0
148    272    21.9    3.0
148    288    27.3    3.0
148    306    27.7    3.0
148    317    29.9    3.0
148    328    24.6    3.0
148    340    25.8    3.0
148    354    21.8    3.0
148    373    23.7    3.0
148    388    23.6    3.0
148    402    19.1    3.0
148    418    17.9    3.0
148    440    20.9    3.0
148    450    18.7    3.0
148    472    13.9    3.0
148    491    16.8    3.0
148    508    18.9    3.0
148    520    15.4    3.0
148    542    10.8    3.0
148    564    11.4    3.0
148    586    16.1    3.0
148    600    18.4    3.0
148    611    19.2    3.0
148    623    13.6    3.0
148    640    14.1    3.0
148    657    14.8    3.0
148    681    15.8    3.0
148    700    15.5    3.0
148    719    19.0    3.0
148    739    22.0    3.0
148    756    22.4    3.0
148    778    19.7    3.0
148    795    19.9    3.0
148    814    24.5    3.0
148    829    23.5    3.0
148    848    26.5    3.0
148    872    27.7    3.0
148    886    23.8    3.0
148    905    29.1    3.0
148    916    28.2    3.0
148    928    24.3    3.0
148    949    27.7    3.0
148    963    22.6    3.0
148    982    25.9    3.0
148    999    24.8    3.0
148    1021    21.6    3.0
148    1036    20.1    3.0
148    1047    15.1    3.0
148    1061    15.1    3.0
148    1080    12.2    3.0
148    1097    9.8    3.0
148    1116    11.2    3.0
148    1132    9.4    3.0
148    1151    15.0    3.0
148    1175    13.6    3.0
148    1194    19.0    3.0
169    191    5.8    3.0
169    205    6.4    3.0
169    224    10.7    3.0
169    238    12.9    3.0
169    257    17.4    3.0
169    272    18.0    3.0
169    288    23.4    3.0
169    306    24.3    3.0
169    317    26.6    3.0
169    328    21.4    3.0
169    340    23.7    3.0
169    354    20.2    3.0
169    373    22.1    3.0
169    388    20.9    3.0
169    402    16.5    3.0
169    418    16.5    3.0
169    440    18.6    3.0
169    450    15.3    3.0
169    472    11.4    3.0
169    491    15.1    3.0
169    508    15.8    3.0
169    520    11.5    3.0
169    542    8.2    3.0
169    564    11.0    3.0
169    586    16.5    3.0
169    600    17.8    3.0
169    611    20.0    3.0
169    623    15.1    3.0
169    640    13.9    3.0
169    657    16.0    3.0
169    681    14.9    3.0
169    700    15.7    3.0
169    719    17.6    3.0
169    739    21.0    3.0
169    756    22.2    3.0
169    778    20.4    3.0
169    795    19.0    3.0
169    814    24.1    3.0
169    829    22.8    3.0
169    848    25.0    3.0
169    872    25.3    3.0
169    886    20.9    3.0
169    905    26.3    3.0
169    916    26.4    3.0
169    928    22.5    3.0
169    949    25.4    3.0
169    963    19.9    3.0
169    982    22.6    3.0
169    999    20.6    3.0
169    1021    17.5    3.0
169    1036    17.0    3.0
169    1047    12.5    3.0
169    1061    13.0    3.0
169    1080    12.1    3.0
169    1097    9.2    3.0
169    1116    13.2    3.0
169    1132    11.9    3.0
169    1151    17.4    3.0
169    1175    16.9    3.0
169    1194    21.6    3.0
191    205    5.8    3.0
191    224    7.1    3.0
191    238    10.2    3.0
191    257    14.3    3.0
191    272    14.8    3.0
191    288    19.9    3.0
191    306    20.2    3.0
191    317    23.3    3.0
191    328    18.8    3.0
191    340    21.9    3.0
191    354    18.6    3.0
191    373    21.5    3.0
191    388    19.5    3.0
191    402    14.7    3.0
191    418    16.6    3.0
191    440    18.8    3.0
191    450    14.5    3.0
191    472    11.9    3.0
191    491    16.8    3.0
191    508    16.8    3.0
191    520    12.3    3.0
191    542    11.0    3.0
191    564    13.9    3.0
191    586    19.5    3.0
191    600    19.0    3.0
191    611    22.1    3.0
191    623    17.9    3.0
191    640    15.0    3.0
191    657    16.5    3.0
191    681    13.6    3.0
191    700    14.0    3.0
191    719    14.2    3.0
191    739    17.2    3.0
191    756    19.6    3.0
191    778    19.3    3.0
191    795    17.0    3.0
191    814    22.6    3.0
191    829    22.2    3.0
191    848    22.7    3.0
191    872    22.3    3.0
191    886    17.4    3.0
191    905    22.3    3.0
191    916    23.2    3.0
191    928    19.0    3.0
191    949    20.9    3.0
191    963    15.7    3.0
191    982    17.3    3.0
191    999    15.3    3.0
191    1021    11.8    3.0
191    1036    12.0    3.0
191    1047    7.5    3.0
191    1061    10.0    3.0
191    1080    10.3    3.0
191    1097    9.5    3.0
191    1116    14.1    3.0
191    1132    14.9    3.0
191    1151    19.5    3.0
191    1175    20.7    3.0
191    1194    24.9    3.0
205    224    5.9    3.0
205    238    6.6    3.0
205    257    11.2    3.0
205    272    11.9    3.0
205    288    17.2    3.0
205    306    18.7    3.0
205    317    20.6    3.0
205    328    15.5    3.0
205    340    18.4    3.0
205    354    15.9    3.0
205    373    17.4    3.0
205    388    15.2    3.0
205    402    11.2    3.0
205    418    12.4    3.0
205    440    13.6    3.0
205    450    9.4    3.0
205    472    7.0    3.0
205    491    11.4    3.0
205    508    11.0    3.0
205    520    6.6    3.0
205    542    6.0    3.0
205    564    9.7    3.0
205    586    15.1    3.0
205    600    14.5    3.0
205    611    18.2    3.0
205    623    14.7    3.0
205    640    11.8    3.0
205    657    15.2    3.0
205    681    12.0    3.0
205    700    14.8    3.0
205    719    14.9    3.0
205    739    19.0    3.0
205    756    20.0    3.0
205    778    18.8    3.0
205    795    15.7    3.0
205    814    20.7    3.0
205    829    18.9    3.0
205    848    20.7    3.0
205    872    20.0    3.0
205    886    15.7    3.0
205    905    21.1    3.0
205    916    21.9    3.0
205    928    18.7    3.0
205    949    21.5    3.0
205    963    15.5    3.0
205    982    18.3    3.0
205    999    15.9    3.0
205    1021    13.8    3.0
205    1036    13.3    3.0
205    1047    10.6    3.0
205    1061    9.9    3.0
205    1080    11.9    3.0
205    1097    8.2    3.0
205    1116    14.0    3.0
205    1132    13.2    3.0
205    1151    17.7    3.0
205    1175    18.5    3.0
205    1194    22.0    3.0
224    238    5.8    3.0
224    257    7.7    3.0
224    272    10.1    3.0
224    288    14.7    3.0
224    306    16.3    3.0
224    317    18.9    3.0
224    328    14.8    3.0
224    340    19.1    3.0
224    354    17.5    3.0
224    373    19.5    3.0
224    388    16.0    3.0
224    402    12.5    3.0
224    418    15.7    3.0
224    440    16.1    3.0
224    450    10.7    3.0
224    472    11.0    3.0
224    491    15.5    3.0
224    508    13.5    3.0
224    520    9.3    3.0
224    542    11.3    3.0
224    564    15.2    3.0
224    586    20.2    3.0
224    600    18.6    3.0
224    611    22.9    3.0
224    623    20.0    3.0
224    640    16.3    3.0
224    657    19.4    3.0
224    681    14.9    3.0
224    700    17.4    3.0
224    719    15.6    3.0
224    739    19.1    3.0
224    756    21.4    3.0
224    778    21.6    3.0
224    795    17.5    3.0
224    814    22.8    3.0
224    829    21.5    3.0
224    848    21.5    3.0
224    872    19.5    3.0
224    886    14.8    3.0
224    905    19.4    3.0
224    916    21.7    3.0
224    928    18.5    3.0
224    949    20.0    3.0
224    963    14.3    3.0
224    982    15.2    3.0
224    999    11.6    3.0
224    1021    9.6    3.0
224    1036    11.4    3.0
224    1047    10.1    3.0
224    1061    11.2    3.0
224    1080    14.5    3.0
224    1097    12.7    3.0
224    1116    18.4    3.0
224    1132    18.6    3.0
224    1151    22.7    3.0
224    1175    24.2    3.0
224    1194    27.5    3.0
238    257    5.7    3.0
238    272    5.4    3.0
238    288    10.6    3.0
238    306    12.6    3.0
238    317    14.2    3.0
238    328    9.4    3.0
238    340    13.5    3.0
238    354    12.3    3.0
238    373    13.8    3.0
238    388    10.3    3.0
238    402    6.9    3.0
238    418    10.6    3.0
238    440    10.9    3.0
238    450    5.6    3.0
238    472    7.2    3.0
238    491    11.6    3.0
238    508    10.0    3.0
238    520    7.7    3.0
238    542    10.2    3.0
238    564    12.7    3.0
238    586    16.8    3.0
238    600    13.9    3.0
238    611    18.7    3.0
238    623    17.0    3.0
238    640    12.5    3.0
238    657    16.1    3.0
238    681    11.0    3.0
238    700    15.0    3.0
238    719    12.9    3.0
238    739    17.2    3.0
238    756    18.2    3.0
238    778    18.0    3.0
238    795    13.2    3.0
238    814    17.9    3.0
238    829    16.1    3.0
238    848    16.5    3.0
238    872    14.4    3.0
238    886    10.3    3.0
238    905    15.3    3.0
238    916    17.1    3.0
238    928    14.8    3.0
238    949    17.2    3.0
238    963    11.1    3.0
238    982    13.9    3.0
238    999    11.2    3.0
238    1021    11.1    3.0
238    1036    10.2    3.0
238    1047    10.7    3.0
238    1061    8.7    3.0
238    1080    13.4    3.0
238    1097    10.8    3.0
238    1116    16.5    3.0
238    1132    16.8    3.0
238    1151    19.7    3.0
238    1175    22.0    3.0
238    1194    24.3    3.0
257    272    5.8    3.0
257    288    8.4    3.0
257    306    11.9    3.0
257    317    13.0    3.0
257    328    9.9    3.0
257    340    15.1    3.0
257    354    15.7    3.0
257    373    16.5    3.0
257    388    11.7    3.0
257    402    10.7    3.0
257    418    14.8    3.0
257    440    13.3    3.0
257    450    8.3    3.0
257    472    12.1    3.0
257    491    15.2    3.0
257    508    11.9    3.0
257    520    10.3    3.0
257    542    14.5    3.0
257    564    17.6    3.0
257    586    21.1    3.0
257    600    18.0    3.0
257    611    23.2    3.0
257    623    22.1    3.0
257    640    17.7    3.0
257    657    21.6    3.0
257    681    16.1    3.0
257    700    20.2    3.0
257    719    17.0    3.0
257    739    20.8    3.0
257    756    22.3    3.0
257    778    22.8    3.0
257    795    17.5    3.0
257    814    21.5    3.0
257    829    19.6    3.0
257    848    19.0    3.0
257    872    15.4    3.0
257    886    11.9    3.0
257    905    15.6    3.0
257    916    19.0    3.0
257    928    17.5    3.0
257    949    18.7    3.0
257    963    13.3    3.0
257    982    14.3    3.0
257    999    10.2    3.0
257    1021    11.7    3.0
257    1036    12.7    3.0
257    1047    14.7    3.0
257    1061    13.7    3.0
257    1080    18.7    3.0
257    1097    16.5    3.0
257    1116    22.2    3.0
257    1132    22.3    3.0
257    1151    25.2    3.0
257    1175    27.3    3.0
257    1194    29.2    3.0
272    288    5.4    3.0
272    306    7.6    3.0
272    317    8.9    3.0
272    328    4.9    3.0
272    340    10.1    3.0
272    354    10.4    3.0
272    373    12.1    3.0
272    388    7.8    3.0
272    402    6.1    3.0
272    418    11.3    3.0
272    440    11.1    3.0
272    450    7.1    3.0
272    472    10.5    3.0
272    491    14.1    3.0
272    508    12.4    3.0
272    520    12.0    3.0
272    542    14.9    3.0
272    564    16.3    3.0
272    586    19.2    3.0
272    600    15.0    3.0
272    611    20.0    3.0
272    623    19.6    3.0
272    640    14.5    3.0
272    657    17.7    3.0
272    681    11.8    3.0
272    700    16.1    3.0
272    719    12.5    3.0
272    739    16.4    3.0
272    756    17.1    3.0
272    778    17.9    3.0
272    795    12.3    3.0
272    814    16.0    3.0
272    829    14.6    3.0
272    848    13.3    3.0
272    872    9.9    3.0
272    886    6.3    3.0
272    905    10.6    3.0
272    916    13.3    3.0
272    928    12.1    3.0
272    949    14.0    3.0
272    963    8.5    3.0
272    982    11.3    3.0
272    999    9.4    3.0
272    1021    11.5    3.0
272    1036    9.7    3.0
272    1047    12.8    3.0
272    1061    10.1    3.0
272    1080    15.7    3.0
272    1097    14.0    3.0
272    1116    19.1    3.0
272    1132    20.1    3.0
272    1151    21.8    3.0
272    1175    25.0    3.0
272    1194    26.4    3.0
288    306    5.3    3.0
288    317    4.8    3.0
288    328    5.0    3.0
288    340    10.2    3.0
288    354    12.6    3.0
288    373    13.6    3.0
288    388    9.0    3.0
288    402    10.0    3.0
288    418    14.9    3.0
288    440    13.7    3.0
288    450    11.1    3.0
288    472    15.3    3.0
288    491    17.9    3.0
288    508    15.8    3.0
288    520    16.4    3.0
288    542    19.8    3.0
288    564    21.1    3.0
288    586    23.2    3.0
288    600    18.3    3.0
288    611    23.4    3.0
288    623    23.9    3.0
288    640    18.8    3.0
288    657    21.8    3.0
288    681    16.0    3.0
288    700    20.2    3.0
288    719    15.8    3.0
288    739    19.0    3.0
288    756    19.6    3.0
288    778    21.0    3.0
288    795    15.2    3.0
288    814    17.6    3.0
288    829    16.4    3.0
288    848    13.7    3.0
288    872    8.7    3.0
288    886    7.4    3.0
288    905    8.7    3.0
288    916    12.8    3.0
288    928    13.4    3.0
288    949    14.2    3.0
288    963    10.5    3.0
288    982    12.0    3.0
288    999    10.4    3.0
288    1021    14.2    3.0
288    1036    12.9    3.0
288    1047    17.2    3.0
288    1061    14.7    3.0
288    1080    20.3    3.0
288    1097    19.1    3.0
288    1116    23.7    3.0
288    1132    24.9    3.0
288    1151    26.0    3.0
288    1175    29.6    3.0
288    1194    30.3    3.0
306    317    5.4    3.0
306    328    7.1    3.0
306    340    10.7    3.0
306    354    11.9    3.0
306    373    14.7    3.0
306    388    11.6    3.0
306    402    11.0    3.0
306    418    16.1    3.0
306    440    16.6    3.0
306    450    14.2    3.0
306    472    17.1    3.0
306    491    20.5    3.0
306    508    19.5    3.0
306    520    19.5    3.0
306    542    22.0    3.0
306    564    22.7    3.0
306    586    24.9    3.0
306    600    19.9    3.0
306    611    24.4    3.0
306    623    24.7    3.0
306    640    19.3    3.0
306    657    20.9    3.0
306    681    15.0    3.0
306    700    18.0    3.0
306    719    12.8    3.0
306    739    15.0    3.0
306    756    16.0    3.0
306    778    18.7    3.0
306    795    13.2    3.0
306    814    15.7    3.0
306    829    16.2    3.0
306    848    11.3    3.0
306    872    6.7    3.0
306    886    4.9    3.0
306    905    4.0    3.0
306    916    9.1    3.0
306    928    9.4    3.0
306    949    9.0    3.0
306    963    6.9    3.0
306    982    8.0    3.0
306    999    8.9    3.0
306    1021    12.8    3.0
306    1036    10.3    3.0
306    1047    15.6    3.0
306    1061    13.4    3.0
306    1080    18.7    3.0
306    1097    19.0    3.0
306    1116    22.8    3.0
306    1132    25.2    3.0
306    1151    25.7    3.0
306    1175    30.0    3.0
306    1194    30.9    3.0
317    328    5.7    3.0
317    340    8.2    3.0
317    354    11.7    3.0
317    373    12.6    3.0
317    388    9.3    3.0
317    402    11.3    3.0
317    418    15.5    3.0
317    440    14.7    3.0
317    450    13.7    3.0
317    472    17.5    3.0
317    491    19.6    3.0
317    508    18.3    3.0
317    520    19.8    3.0
317    542    22.7    3.0
317    564    22.9    3.0
317    586    24.2    3.0
317    600    18.8    3.0
317    611    23.4    3.0
317    623    24.8    3.0
317    640    19.7    3.0
317    657    22.1    3.0
317    681    16.6    3.0
317    700    20.7    3.0
317    719    16.3    3.0
317    739    19.1    3.0
317    756    18.7    3.0
317    778    20.3    3.0
317    795    14.7    3.0
317    814    15.6    3.0
317    829    14.9    3.0
317    848    11.1    3.0
317    872    5.6    3.0
317    886    7.5    3.0
317    905    6.4    3.0
317    916    10.1    3.0
317    928    12.4    3.0
317    949    13.3    3.0
317    963    11.2    3.0
317    982    13.3    3.0
317    999    13.6    3.0
317    1021    17.5    3.0
317    1036    15.0    3.0
317    1047    19.7    3.0
317    1061    16.4    3.0
317    1080    21.8    3.0
317    1097    21.0    3.0
317    1116    24.7    3.0
317    1132    26.3    3.0
317    1151    26.3    3.0
317    1175    30.4    3.0
317    1194    30.4    3.0
328    340    5.6    3.0
328    354    7.9    3.0
328    373    8.7    3.0
328    388    4.5    3.0
328    402    5.9    3.0
328    418    10.2    3.0
328    440    9.6    3.0
328    450    8.3    3.0
328    472    11.8    3.0
328    491    14.1    3.0
328    508    13.2    3.0
328    520    14.5    3.0
328    542    17.1    3.0
328    564    17.3    3.0
328    586    18.8    3.0
328    600    13.7    3.0
328    611    18.5    3.0
328    623    19.5    3.0
328    640    14.4    3.0
328    657    17.5    3.0
328    681    12.1    3.0
328    700    17.0    3.0
328    719    13.5    3.0
328    739    17.4    3.0
328    756    16.6    3.0
328    778    17.0    3.0
328    795    11.3    3.0
328    814    13.3    3.0
328    829    11.5    3.0
328    848    10.1    3.0
328    872    6.2    3.0
328    886    5.5    3.0
328    905    8.8    3.0
328    916    10.7    3.0
328    928    11.3    3.0
328    949    14.0    3.0
328    963    9.6    3.0
328    982    13.4    3.0
328    999    13.0    3.0
328    1021    15.7    3.0
328    1036    12.7    3.0
328    1047    16.3    3.0
328    1061    12.2    3.0
328    1080    17.6    3.0
328    1097    15.8    3.0
328    1116    20.0    3.0
328    1132    20.9    3.0
328    1151    21.4    3.0
328    1175    25.2    3.0
328    1194    25.5    3.0
340    354    5.3    3.0
340    373    4.6    3.0
340    388    4.7    3.0
340    402    7.3    3.0
340    418    8.9    3.0
340    440    9.3    3.0
340    450    10.9    3.0
340    472    13.0    3.0
340    491    14.1    3.0
340    508    14.8    3.0
340    520    17.2    3.0
340    542    18.7    3.0
340    564    17.3    3.0
340    586    17.2    3.0
340    600    11.6    3.0
340    611    15.5    3.0
340    623    17.8    3.0
340    640    13.3    3.0
340    657    15.8    3.0
340    681    11.6    3.0
340    700    16.6    3.0
340    719    14.2    3.0
340    739    17.9    3.0
340    756    15.3    3.0
340    778    14.8    3.0
340    795    9.8    3.0
340    814    9.4    3.0
340    829    6.8    3.0
340    848    6.8    3.0
340    872    5.5    3.0
340    886    8.0    3.0
340    905    10.2    3.0
340    916    9.2    3.0
340    928    11.3    3.0
340    949    15.3    3.0
340    963    12.0    3.0
340    982    17.0    3.0
340    999    17.8    3.0
340    1021    20.1    3.0
340    1036    16.0    3.0
340    1047    19.1    3.0
340    1061    13.9    3.0
340    1080    18.3    3.0
340    1097    16.4    3.0
340    1116    19.2    3.0
340    1132    20.2    3.0
340    1151    19.2    3.0
340    1175    23.4    3.0
340    1194    22.6    3.0
354    373    5.5    3.0
354    388    7.3    3.0
354    402    5.5    3.0
354    418    6.5    3.0
354    440    9.9    3.0
354    450    10.8    3.0
354    472    10.7    3.0
354    491    13.0    3.0
354    508    15.0    3.0
354    520    16.3    3.0
354    542    16.4    3.0
354    564    14.4    3.0
354    586    15.0    3.0
354    600    9.7    3.0
354    611    13.1    3.0
354    623    14.3    3.0
354    640    9.3    3.0
354    657    10.7    3.0
354    681    6.6    3.0
354    700    11.4    3.0
354    719    9.9    3.0
354    739    13.9    3.0
354    756    10.9    3.0
354    778    9.7    3.0
354    795    4.8    3.0
354    814    6.0    3.0
354    829    4.9    3.0
354    848    5.6    3.0
354    872    7.5    3.0
354    886    7.4    3.0
354    905    11.1    3.0
354    916    8.7    3.0
354    928    8.5    3.0
354    949    13.7    3.0
354    963    9.9    3.0
354    982    15.8    3.0
354    999    17.2    3.0
354    1021    18.4    3.0
354    1036    13.3    3.0
354    1047    15.4    3.0
354    1061    9.7    3.0
354    1080    13.4    3.0
354    1097    12.0    3.0
354    1116    14.1    3.0
354    1132    15.8    3.0
354    1151    14.8    3.0
354    1175    19.5    3.0
354    1194    19.4    3.0
373    388    5.3    3.0
373    402    7.3    3.0
373    418    5.8    3.0
373    440    6.6    3.0
373    450    10.1    3.0
373    472    11.0    3.0
373    491    10.8    3.0
373    508    12.7    3.0
373    520    15.7    3.0
373    542    16.4    3.0
373    564    14.1    3.0
373    586    13.1    3.0
373    600    7.4    3.0
373    611    11.2    3.0
373    623    14.0    3.0
373    640    10.2    3.0
373    657    13.4    3.0
373    681    10.6    3.0
373    700    16.1    3.0
373    719    15.2    3.0
373    739    19.4    3.0
373    756    16.1    3.0
373    778    13.9    3.0
373    795    10.0    3.0
373    814    9.2    3.0
373    829    4.3    3.0
373    848    9.1    3.0
373    872    9.8    3.0
373    886    11.2    3.0
373    905    14.4    3.0
373    916    12.6    3.0
373    928    13.7    3.0
373    949    18.5    3.0
373    963    14.6    3.0
373    982    20.1    3.0
373    999    20.6    3.0
373    1021    22.2    3.0
373    1036    17.9    3.0
373    1047    19.8    3.0
373    1061    14.1    3.0
373    1080    17.7    3.0
373    1097    14.7    3.0
373    1116    17.1    3.0
373    1132    17.1    3.0
373    1151    15.8    3.0
373    1175    19.6    3.0
373    1194    18.4    3.0
388    402    5.4    3.0
388    418    7.2    3.0
388    440    5.6    3.0
388    450    6.6    3.0
388    472    10.0    3.0
388    491    10.6    3.0
388    508    10.4    3.0
388    520    13.0    3.0
388    542    15.2    3.0
388    564    14.6    3.0
388    586    15.2    3.0
388    600    9.9    3.0
388    611    14.9    3.0
388    623    16.5    3.0
388    640    12.1    3.0
388    657    16.1    3.0
388    681    11.7    3.0
388    700    17.3    3.0
388    719    15.2    3.0
388    739    19.6    3.0
388    756    17.7    3.0
388    778    16.7    3.0
388    795    11.6    3.0
388    814    12.7    3.0
388    829    9.1    3.0
388    848    10.9    3.0
388    872    8.8    3.0
388    886    9.0    3.0
388    905    12.6    3.0
388    916    13.0    3.0
388    928    13.7    3.0
388    949    17.5    3.0
388    963    12.9    3.0
388    982    17.5    3.0
388    999    16.9    3.0
388    1021    18.9    3.0
388    1036    15.7    3.0
388    1047    18.2    3.0
388    1061    13.3    3.0
388    1080    18.0    3.0
388    1097    15.0    3.0
388    1116    19.0    3.0
388    1132    18.9    3.0
388    1151    19.1    3.0
388    1175    22.4    3.0
388    1194    22.1    3.0
402    418    5.4    3.0
402    440    7.3    3.0
402    450    5.7    3.0
402    472    6.6    3.0
402    491    10.0    3.0
402    508    10.6    3.0
402    520    11.2    3.0
402    542    12.3    3.0
402    564    11.8    3.0
402    586    13.9    3.0
402    600    9.3    3.0
402    611    14.1    3.0
402    623    14.0    3.0
402    640    8.8    3.0
402    657    12.2    3.0
402    681    7.0    3.0
402    700    12.5    3.0
402    719    10.6    3.0
402    739    15.3    3.0
402    756    14.1    3.0
402    778    13.2    3.0
402    795    8.0    3.0
402    814    11.4    3.0
402    829    9.2    3.0
402    848    10.3    3.0
402    872    9.5    3.0
402    886    7.0    3.0
402    905    12.2    3.0
402    916    12.2    3.0
402    928    10.9    3.0
402    949    15.0    3.0
402    963    9.5    3.0
402    982    14.6    3.0
402    999    14.3    3.0
402    1021    15.2    3.0
402    1036    11.5    3.0
402    1047    13.1    3.0
402    1061    8.0    3.0
402    1080    12.8    3.0
402    1097    10.1    3.0
402    1116    14.4    3.0
402    1132    15.1    3.0
402    1151    16.0    3.0
402    1175    19.6    3.0
402    1194    20.5    3.0
418    440    5.4    3.0
418    450    7.3    3.0
418    472    5.7    3.0
418    491    6.6    3.0
418    508    9.7    3.0
418    520    11.4    3.0
418    542    10.9    3.0
418    564    8.5    3.0
418    586    9.0    3.0
418    600    4.0    3.0
418    611    8.8    3.0
418    623    9.4    3.0
418    640    5.0    3.0
418    657    9.7    3.0
418    681    7.2    3.0
418    700    12.9    3.0
418    719    13.4    3.0
418    739    18.0    3.0
418    756    15.4    3.0
418    778    12.4    3.0
418    795    9.1    3.0
418    814    11.0    3.0
418    829    7.1    3.0
418    848    12.0    3.0
418    872    13.0    3.0
418    886    11.8    3.0
418    905    16.6    3.0
418    916    15.1    3.0
418    928    14.2    3.0
418    949    19.1    3.0
418    963    14.1    3.0
418    982    19.6    3.0
418    999    19.5    3.0
418    1021    19.9    3.0
418    1036    15.9    3.0
418    1047    16.2    3.0
418    1061    10.6    3.0
418    1080    13.5    3.0
418    1097    9.4    3.0
418    1116    12.6    3.0
418    1132    11.9    3.0
418    1151    12.1    3.0
418    1175    15.2    3.0
418    1194    15.4    3.0
440    450    5.5    3.0
440    472    7.4    3.0
440    491    5.5    3.0
440    508    6.2    3.0
440    520    10.0    3.0
440    542    11.6    3.0
440    564    10.6    3.0
440    586    10.4    3.0
440    600    6.2    3.0
440    611    11.5    3.0
440    623    12.9    3.0
440    640    9.8    3.0
440    657    15.0    3.0
440    681    12.2    3.0
440    700    18.0    3.0
440    719    17.6    3.0
440    739    22.2    3.0
440    756    20.1    3.0
440    778    17.7    3.0
440    795    13.7    3.0
440    814    15.0    3.0
440    829    10.2    3.0
440    848    14.8    3.0
440    872    14.0    3.0
440    886    13.5    3.0
440    905    17.8    3.0
440    916    17.6    3.0
440    928    17.6    3.0
440    949    21.9    3.0
440    963    16.7    3.0
440    982    21.5    3.0
440    999    20.3    3.0
440    1021    21.4    3.0
440    1036    18.5    3.0
440    1047    19.4    3.0
440    1061    14.5    3.0
440    1080    18.2    3.0
440    1097    13.7    3.0
440    1116    17.7    3.0
440    1132    15.9    3.0
440    1151    16.7    3.0
440    1175    18.7    3.0
440    1194    18.4    3.0
450    472    5.4    3.0
450    491    7.3    3.0
450    508    5.5    3.0
450    520    6.4    3.0
450    542    9.4    3.0
450    564    10.7    3.0
450    586    13.2    3.0
450    600    9.9    3.0
450    611    15.1    3.0
450    623    14.7    3.0
450    640    10.7    3.0
450    657    15.7    3.0
450    681    11.4    3.0
450    700    16.8    3.0
450    719    15.5    3.0
450    739    20.2    3.0
450    756    19.5    3.0
450    778    18.1    3.0
450    795    13.5    3.0
450    814    16.6    3.0
450    829    13.2    3.0
450    848    15.7    3.0
450    872    13.9    3.0
450    886    11.5    3.0
450    905    16.4    3.0
450    916    17.4    3.0
450    928    16.3    3.0
450    949    19.8    3.0
450    963    14.0    3.0
450    982    17.9    3.0
450    999    15.8    3.0
450    1021    16.5    3.0
450    1036    14.7    3.0
450    1047    15.4    3.0
450    1061    11.7    3.0
450    1080    16.0    3.0
450    1097    11.9    3.0
450    1116    17.2    3.0
450    1132    16.1    3.0
450    1151    18.3    3.0
450    1175    20.3    3.0
450    1194    21.5    3.0
472    491    5.6    3.0
472    508    7.2    3.0
472    520    6.5    3.0
472    542    5.8    3.0
472    564    5.9    3.0
472    586    9.6    3.0
472    600    7.7    3.0
472    611    12.0    3.0
472    623    10.0    3.0
472    640    6.3    3.0
472    657    11.4    3.0
472    681    8.5    3.0
472    700    13.4    3.0
472    719    13.9    3.0
472    739    18.6    3.0
472    756    17.6    3.0
472    778    15.2    3.0
472    795    11.9    3.0
472    814    15.6    3.0
472    829    12.7    3.0
472    848    16.2    3.0
472    872    16.1    3.0
472    886    13.2    3.0
472    905    18.7    3.0
472    916    18.4    3.0
472    928    16.3    3.0
472    949    20.5    3.0
472    963    14.6    3.0
472    982    19.1    3.0
472    999    17.8    3.0
472    1021    17.2    3.0
472    1036    14.6    3.0
472    1047    13.6    3.0
472    1061    9.5    3.0
472    1080    12.2    3.0
472    1097    7.1    3.0
472    1116    12.3    3.0
472    1132    10.8    3.0
472    1151    13.7    3.0
472    1175    15.3    3.0
472    1194    17.3    3.0
491    508    5.1    3.0
491    520    7.8    3.0
491    542    7.3    3.0
491    564    5.9    3.0
491    586    6.4    3.0
491    600    5.6    3.0
491    611    9.8    3.0
491    623    9.3    3.0
491    640    8.1    3.0
491    657    13.8    3.0
491    681    12.5    3.0
491    700    17.7    3.0
491    719    18.7    3.0
491    739    23.4    3.0
491    756    21.5    3.0
491    778    18.2    3.0
491    795    15.4    3.0
491    814    17.5    3.0
491    829    13.0    3.0
491    848    18.4    3.0
491    872    18.5    3.0
491    886    17.0    3.0
491    905    21.9    3.0
491    916    21.4    3.0
491    928    20.3    3.0
491    949    24.8    3.0
491    963    19.2    3.0
491    982    24.0    3.0
491    999    22.5    3.0
491    1021    22.4    3.0
491    1036    19.9    3.0
491    1047    19.2    3.0
491    1061    14.7    3.0
491    1080    17.1    3.0
491    1097    11.6    3.0
491    1116    15.5    3.0
491    1132    12.3    3.0
491    1151    14.3    3.0
491    1175    14.8    3.0
491    1194    15.4    3.0
508    520    5.1    3.0
508    542    8.2    3.0
508    564    9.8    3.0
508    586    11.4    3.0
508    600    10.0    3.0
508    611    14.7    3.0
508    623    14.3    3.0
508    640    12.2    3.0
508    657    17.9    3.0
508    681    15.2    3.0
508    700    20.5    3.0
508    719    20.3    3.0
508    739    25.0    3.0
508    756    24.0    3.0
508    778    21.6    3.0
508    795    17.8    3.0
508    814    20.3    3.0
508    829    16.0    3.0
508    848    20.1    3.0
508    872    18.7    3.0
508    886    16.9    3.0
508    905    21.7    3.0
508    916    22.4    3.0
508    928    21.5    3.0
508    949    25.2    3.0
508    963    19.4    3.0
508    982    23.2    3.0
508    999    20.8    3.0
508    1021    21.1    3.0
508    1036    19.8    3.0
508    1047    19.6    3.0
508    1061    16.0    3.0
508    1080    19.4    3.0
508    1097    14.3    3.0
508    1116    19.3    3.0
508    1132    16.5    3.0
508    1151    19.1    3.0
508    1175    19.5    3.0
508    1194    20.5    3.0
520    542    5.3    3.0
520    564    9.4    3.0
520    586    13.2    3.0
520    600    12.6    3.0
520    611    17.0    3.0
520    623    14.9    3.0
520    640    12.6    3.0
520    657    17.7    3.0
520    681    14.7    3.0
520    700    19.1    3.0
520    719    19.0    3.0
520    739    23.5    3.0
520    756    23.5    3.0
520    778    21.6    3.0
520    795    17.9    3.0
520    814    21.8    3.0
520    829    18.4    3.0
520    848    21.5    3.0
520    872    20.1    3.0
520    886    17.0    3.0
520    905    22.1    3.0
520    916    23.2    3.0
520    928    21.3    3.0
520    949    24.5    3.0
520    963    18.4    3.0
520    982    21.6    3.0
520    999    18.6    3.0
520    1021    18.0    3.0
520    1036    17.5    3.0
520    1047    16.4    3.0
520    1061    14.2    3.0
520    1080    17.1    3.0
520    1097    12.3    3.0
520    1116    17.9    3.0
520    1132    15.5    3.0
520    1151    19.4    3.0
520    1175    19.5    3.0
520    1194    21.8    3.0
542    564    5.2    3.0
542    586    10.2    3.0
542    600    11.4    3.0
542    611    14.4    3.0
542    623    10.9    3.0
542    640    9.9    3.0
542    657    14.5    3.0
542    681    13.1    3.0
542    700    16.7    3.0
542    719    18.1    3.0
542    739    22.6    3.0
542    756    22.1    3.0
542    778    19.4    3.0
542    795    17.1    3.0
542    814    21.0    3.0
542    829    18.0    3.0
542    848    21.9    3.0
542    872    21.8    3.0
542    886    18.5    3.0
542    905    24.0    3.0
542    916    24.0    3.0
542    928    21.5    3.0
542    949    25.3    3.0
542    963    19.3    3.0
542    982    23.1    3.0
542    999    21.0    3.0
542    1021    19.5    3.0
542    1036    18.2    3.0
542    1047    15.7    3.0
542    1061    13.3    3.0
542    1080    14.5    3.0
542    1097    9.1    3.0
542    1116    14.0    3.0
542    1132    10.7    3.0
542    1151    15.3    3.0
542    1175    14.8    3.0
542    1194    17.9    3.0
564    586    5.7    3.0
564    600    7.7    3.0
564    611    9.5    3.0
564    623    5.7    3.0
564    640    6.0    3.0
564    657    10.7    3.0
564    681    11.1    3.0
564    700    14.8    3.0
564    719    17.3    3.0
564    739    21.7    3.0
564    756    20.0    3.0
564    778    16.2    3.0
564    795    14.9    3.0
564    814    17.9    3.0
564    829    14.8    3.0
564    848    19.8    3.0
564    872    20.9    3.0
564    886    18.5    3.0
564    905    23.8    3.0
564    916    22.7    3.0
564    928    20.4    3.0
564    949    25.0    3.0
564    963    19.5    3.0
564    982    24.3    3.0
564    999    23.2    3.0
564    1021    22.0    3.0
564    1036    19.2    3.0
564    1047    17.0    3.0
564    1061    13.1    3.0
564    1080    13.5    3.0
564    1097    7.8    3.0
564    1116    11.0    3.0
564    1132    6.9    3.0
564    1151    10.6    3.0
564    1175    10.2    3.0
564    1194    12.8    3.0
586    600    5.7    3.0
586    611    5.3    3.0
586    623    4.6    3.0
586    640    7.4    3.0
586    657    11.8    3.0
586    681    13.5    3.0
586    700    17.6    3.0
586    719    20.3    3.0
586    739    24.7    3.0
586    756    21.7    3.0
586    778    17.1    3.0
586    795    16.4    3.0
586    814    17.6    3.0
586    829    13.5    3.0
586    848    20.1    3.0
586    872    21.8    3.0
586    886    20.7    3.0
586    905    25.5    3.0
586    916    23.6    3.0
586    928    22.4    3.0
586    949    27.5    3.0
586    963    22.4    3.0
586    982    27.8    3.0
586    999    27.2    3.0
586    1021    26.6    3.0
586    1036    23.2    3.0
586    1047    21.7    3.0
586    1061    17.0    3.0
586    1080    17.5    3.0
586    1097    12.1    3.0
586    1116    13.6    3.0
586    1132    9.1    3.0
586    1151    10.0    3.0
586    1175    9.2    3.0
586    1194    9.1    3.0
600    611    5.4    3.0
600    623    7.3    3.0
600    640    5.6    3.0
600    657    10.5    3.0
600    681    10.2    3.0
600    700    15.4    3.0
600    719    16.8    3.0
600    739    21.3    3.0
600    756    18.1    3.0
600    778    14.2    3.0
600    795    12.2    3.0
600    814    12.9    3.0
600    829    8.3    3.0
600    848    14.8    3.0
600    872    16.3    3.0
600    886    15.7    3.0
600    905    20.3    3.0
600    916    18.4    3.0
600    928    17.8    3.0
600    949    22.9    3.0
600    963    18.1    3.0
600    982    23.6    3.0
600    999    23.4    3.0
600    1021    23.6    3.0
600    1036    19.8    3.0
600    1047    19.5    3.0
600    1061    14.1    3.0
600    1080    16.0    3.0
600    1097    11.3    3.0
600    1116    13.5    3.0
600    1132    11.3    3.0
600    1151    11.0    3.0
600    1175    13.1    3.0
600    1194    12.4    3.0
611    623    5.6    3.0
611    640    7.5    3.0
611    657    10.0    3.0
611    681    12.6    3.0
611    700    16.4    3.0
611    719    19.3    3.0
611    739    23.3    3.0
611    756    19.3    3.0
611    778    14.3    3.0
611    795    14.4    3.0
611    814    14.0    3.0
611    829    10.2    3.0
611    848    17.4    3.0
611    872    20.1    3.0
611    886    19.9    3.0
611    905    24.2    3.0
611    916    21.3    3.0
611    928    20.6    3.0
611    949    26.1    3.0
611    963    21.8    3.0
611    982    27.6    3.0
611    999    27.9    3.0
611    1021    27.8    3.0
611    1036    23.5    3.0
611    1047    22.6    3.0
611    1061    17.2    3.0
611    1080    17.6    3.0
611    1097    13.3    3.0
611    1116    13.2    3.0
611    1132    10.4    3.0
611    1151    8.1    3.0
611    1175    9.8    3.0
611    1194    7.4    3.0
623    640    5.5    3.0
623    657    8.0    3.0
623    681    11.2    3.0
623    700    14.1    3.0
623    719    17.8    3.0
623    739    21.8    3.0
623    756    18.8    3.0
623    778    13.9    3.0
623    795    14.4    3.0
623    814    16.0    3.0
623    829    13.2    3.0
623    848    19.2    3.0
623    872    21.7    3.0
623    886    20.1    3.0
623    905    25.0    3.0
623    916    22.6    3.0
623    928    20.6    3.0
623    949    25.8    3.0
623    963    21.0    3.0
623    982    26.5    3.0
623    999    26.5    3.0
623    1021    25.4    3.0
623    1036    21.6    3.0
623    1047    19.4    3.0
623    1061    14.9    3.0
623    1080    14.1    3.0
623    1097    9.5    3.0
623    1116    9.4    3.0
623    1132    5.0    3.0
623    1151    5.6    3.0
623    1175    5.9    3.0
623    1194    7.4    3.0
640    657    5.8    3.0
640    681    6.1    3.0
640    700    10.4    3.0
640    719    12.9    3.0
640    739    17.2    3.0
640    756    14.6    3.0
640    778    10.6    3.0
640    795    9.4    3.0
640    814    12.1    3.0
640    829    9.7    3.0
640    848    14.5    3.0
640    872    16.5    3.0
640    886    14.7    3.0
640    905    19.6    3.0
640    916    17.5    3.0
640    928    15.5    3.0
640    949    20.6    3.0
640    963    15.6    3.0
640    982    21.2    3.0
640    999    21.3    3.0
640    1021    20.6    3.0
640    1036    16.5    3.0
640    1047    15.2    3.0
640    1061    10.0    3.0
640    1080    10.7    3.0
640    1097    6.1    3.0
640    1116    8.1    3.0
640    1132    6.9    3.0
640    1151    7.6    3.0
640    1175    10.8    3.0
640    1194    12.2    3.0
657    681    6.1    3.0
657    700    6.8    3.0
657    719    11.3    3.0
657    739    14.5    3.0
657    756    11.2    3.0
657    778    6.2    3.0
657    795    8.4    3.0
657    814    10.7    3.0
657    829    11.0    3.0
657    848    14.3    3.0
657    872    17.8    3.0
657    886    16.0    3.0
657    905    20.3    3.0
657    916    17.1    3.0
657    928    14.5    3.0
657    949    19.6    3.0
657    963    15.8    3.0
657    982    21.4    3.0
657    999    22.8    3.0
657    1021    21.7    3.0
657    1036    16.7    3.0
657    1047    15.0    3.0
657    1061    10.2    3.0
657    1080    8.6    3.0
657    1097    7.2    3.0
657    1116    4.5    3.0
657    1132    7.2    3.0
657    1151    5.3    3.0
657    1175    10.7    3.0
657    1194    12.4    3.0
681    700    5.9    3.0
681    719    6.9    3.0
681    739    11.3    3.0
681    756    9.3    3.0
681    778    7.1    3.0
681    795    4.3    3.0
681    814    9.2    3.0
681    829    9.5    3.0
681    848    10.7    3.0
681    872    12.9    3.0
681    886    10.2    3.0
681    905    14.9    3.0
681    916    12.8    3.0
681    928    9.8    3.0
681    949    14.7    3.0
681    963    10.1    3.0
681    982    15.8    3.0
681    999    16.9    3.0
681    1021    16.4    3.0
681    1036    11.3    3.0
681    1047    10.9    3.0
681    1061    5.1    3.0
681    1080    7.1    3.0
681    1097    6.0    3.0
681    1116    8.1    3.0
681    1132    10.7    3.0
681    1151    11.0    3.0
681    1175    15.6    3.0
681    1194    17.2    3.0
700    719    5.8    3.0
700    739    8.2    3.0
700    756    6.9    3.0
700    778    5.9    3.0
700    795    7.1    3.0
700    814    11.6    3.0
700    829    14.0    3.0
700    848    13.6    3.0
700    872    16.5    3.0
700    886    13.5    3.0
700    905    17.4    3.0
700    916    14.9    3.0
700    928    10.6    3.0
700    949    14.6    3.0
700    963    11.6    3.0
700    982    16.3    3.0
700    999    18.4    3.0
700    1021    16.9    3.0
700    1036    11.6    3.0
700    1047    9.9    3.0
700    1061    6.6    3.0
700    1080    4.1    3.0
700    1097    7.8    3.0
700    1116    6.5    3.0
700    1132    11.8    3.0
700    1151    11.8    3.0
700    1175    16.6    3.0
700    1194    19.1    3.0
719    739    4.8    3.0
719    756    6.0    3.0
719    778    8.7    3.0
719    795    6.0    3.0
719    814    11.2    3.0
719    829    14.0    3.0
719    848    11.0    3.0
719    872    12.5    3.0
719    886    8.9    3.0
719    905    12.3    3.0
719    916    10.8    3.0
719    928    5.8    3.0
719    949    9.1    3.0
719    963    6.1    3.0
719    982    10.7    3.0
719    999    13.5    3.0
719    1021    12.8    3.0
719    1036    6.9    3.0
719    1047    8.1    3.0
719    1061    5.1    3.0
719    1080    7.2    3.0
719    1097    10.5    3.0
719    1116    11.8    3.0
719    1132    16.3    3.0
719    1151    16.6    3.0
719    1175    21.4    3.0
719    1194    23.5    3.0
739    756    5.8    3.0
739    778    10.6    3.0
739    795    9.7    3.0
739    814    13.7    3.0
739    829    17.6    3.0
739    848    13.3    3.0
739    872    15.2    3.0
739    886    12.1    3.0
739    905    13.9    3.0
739    916    12.1    3.0
739    928    7.3    3.0
739    949    8.3    3.0
739    963    8.5    3.0
739    982    11.1    3.0
739    999    15.2    3.0
739    1021    14.3    3.0
739    1036    8.9    3.0
739    1047    10.2    3.0
739    1061    9.5    3.0
739    1080    9.9    3.0
739    1097    14.5    3.0
739    1116    14.6    3.0
739    1132    19.8    3.0
739    1151    19.7    3.0
739    1175    24.7    3.0
739    1194    26.8    3.0
756    778    5.7    3.0
756    795    6.5    3.0
756    814    8.7    3.0
756    829    13.3    3.0
756    848    9.9    3.0
756    872    13.7    3.0
756    886    12.2    3.0
756    905    14.0    3.0
756    916    10.2    3.0
756    928    6.7    3.0
756    949    10.5    3.0
756    963    10.4    3.0
756    982    14.9    3.0
756    999    18.7    3.0
756    1021    18.5    3.0
756    1036    12.5    3.0
756    1047    13.7    3.0
756    1061    10.3    3.0
756    1080    10.5    3.0
756    1097    13.9    3.0
756    1116    12.7    3.0
756    1132    17.7    3.0
756    1151    16.1    3.0
756    1175    21.8    3.0
756    1194    22.9    3.0
778    795    5.8    3.0
778    814    7.1    3.0
778    829    10.5    3.0
778    848    10.8    3.0
778    872    15.2    3.0
778    886    14.1    3.0
778    905    17.1    3.0
778    916    13.0    3.0
778    928    10.4    3.0
778    949    15.4    3.0
778    963    13.5    3.0
778    982    18.9    3.0
778    999    21.7    3.0
778    1021    21.2    3.0
778    1036    15.4    3.0
778    1047    15.2    3.0
778    1061    10.6    3.0
778    1080    9.8    3.0
778    1097    11.3    3.0
778    1116    9.0    3.0
778    1132    13.3    3.0
778    1151    10.6    3.0
778    1175    16.5    3.0
778    1194    17.3    3.0
795    814    5.8    3.0
795    829    8.0    3.0
795    848    6.8    3.0
795    872    10.0    3.0
795    886    8.4    3.0
795    905    12.1    3.0
795    916    8.9    3.0
795    928    6.4    3.0
795    949    11.9    3.0
795    963    8.6    3.0
795    982    14.5    3.0
795    999    16.8    3.0
795    1021    17.1    3.0
795    1036    11.4    3.0
795    1047    12.7    3.0
795    1061    7.3    3.0
795    1080    9.8    3.0
795    1097    10.3    3.0
795    1116    11.2    3.0
795    1132    14.5    3.0
795    1151    13.4    3.0
795    1175    18.7    3.0
795    1194    19.4    3.0
814    829    5.6    3.0
814    848    5.0    3.0
814    872    10.2    3.0
814    886    11.5    3.0
814    905    13.4    3.0
814    916    8.6    3.0
814    928    9.2    3.0
814    949    14.4    3.0
814    963    12.9    3.0
814    982    18.7    3.0
814    999    21.4    3.0
814    1021    22.4    3.0
814    1036    16.6    3.0
814    1047    18.5    3.0
814    1061    13.1    3.0
814    1080    15.0    3.0
814    1097    15.0    3.0
814    1116    14.7    3.0
814    1132    17.4    3.0
814    1151    14.4    3.0
814    1175    20.1    3.0
814    1194    19.2    3.0
829    848    7.5    3.0
829    872    10.6    3.0
829    886    12.1    3.0
829    905    15.0    3.0
829    916    11.6    3.0
829    928    12.6    3.0
829    949    17.8    3.0
829    963    14.7    3.0
829    982    20.6    3.0
829    999    22.0    3.0
829    1021    23.2    3.0
829    1036    18.2    3.0
829    1047    19.7    3.0
829    1061    13.8    3.0
829    1080    16.4    3.0
829    1097    14.3    3.0
829    1116    15.2    3.0
829    1132    16.0    3.0
829    1151    13.5    3.0
829    1175    18.2    3.0
829    1194    16.7    3.0
848    872    5.5    3.0
848    886    8.0    3.0
848    905    8.7    3.0
848    916    4.2    3.0
848    928    6.7    3.0
848    949    11.2    3.0
848    963    10.2    3.0
848    982    15.4    3.0
848    999    18.1    3.0
848    1021    20.1    3.0
848    1036    14.7    3.0
848    1047    18.0    3.0
848    1061    13.0    3.0
848    1080    16.5    3.0
848    1097    16.6    3.0
848    1116    17.8    3.0
848    1132    20.5    3.0
848    1151    18.5    3.0
848    1175    23.9    3.0
848    1194    23.3    3.0
872    886    5.3    3.0
872    905    4.9    3.0
872    916    5.0    3.0
872    928    8.0    3.0
872    949    10.6    3.0
872    963    8.9    3.0
872    982    13.0    3.0
872    999    14.8    3.0
872    1021    17.8    3.0
872    1036    13.5    3.0
872    1047    17.9    3.0
872    1061    13.7    3.0
872    1080    18.4    3.0
872    1097    18.1    3.0
872    1116    20.8    3.0
872    1132    23.0    3.0
872    1151    22.2    3.0
872    1175    27.0    3.0
872    1194    26.7    3.0
886    905    5.5    3.0
886    916    7.2    3.0
886    928    6.2    3.0
886    949    8.7    3.0
886    963    4.3    3.0
886    982    9.0    3.0
886    999    10.4    3.0
886    1021    12.7    3.0
886    1036    8.5    3.0
886    1047    12.8    3.0
886    1061    9.3    3.0
886    1080    14.5    3.0
886    1097    14.6    3.0
886    1116    18.0    3.0
886    1132    20.5    3.0
886    1151    20.8    3.0
886    1175    25.3    3.0
886    1194    26.1    3.0
905    916    5.6    3.0
905    928    7.4    3.0
905    949    7.1    3.0
905    963    7.3    3.0
905    982    9.3    3.0
905    999    12.0    3.0
905    1021    15.4    3.0
905    1036    11.7    3.0
905    1047    17.0    3.0
905    1061    14.2    3.0
905    1080    19.0    3.0
905    1097    19.8    3.0
905    1116    22.6    3.0
905    1132    25.6    3.0
905    1151    25.2    3.0
905    1175    30.1    3.0
905    1194    30.5    3.0
916    928    5.1    3.0
916    949    7.8    3.0
916    963    8.6    3.0
916    982    12.6    3.0
916    999    16.1    3.0
916    1021    18.5    3.0
916    1036    13.4    3.0
916    1047    17.6    3.0
916    1061    13.7    3.0
916    1080    17.4    3.0
916    1097    18.6    3.0
916    1116    20.0    3.0
916    1132    23.3    3.0
916    1151    21.8    3.0
916    1175    27.2    3.0
916    1194    27.1    3.0
928    949    5.6    3.0
928    963    5.0    3.0
928    982    9.8    3.0
928    999    13.6    3.0
928    1021    14.9    3.0
928    1036    9.1    3.0
928    1047    12.9    3.0
928    1061    9.5    3.0
928    1080    12.9    3.0
928    1097    15.0    3.0
928    1116    16.4    3.0
928    1132    20.4    3.0
928    1151    19.6    3.0
928    1175    24.9    3.0
928    1194    25.8    3.0
949    963    6.1    3.0
949    982    6.8    3.0
949    999    11.8    3.0
949    1021    13.6    3.0
949    1036    9.2    3.0
949    1047    14.0    3.0
949    1061    12.8    3.0
949    1080    16.2    3.0
949    1097    19.1    3.0
949    1116    20.9    3.0
949    1132    25.1    3.0
949    1151    24.8    3.0
949    1175    30.0    3.0
949    1194    31.3    3.0
963    982    6.0    3.0
963    999    8.8    3.0
963    1021    10.1    3.0
963    1036    4.9    3.0
963    1047    9.8    3.0
963    1061    7.6    3.0
963    1080    12.3    3.0
963    1097    14.0    3.0
963    1116    17.0    3.0
963    1132    20.4    3.0
963    1151    21.0    3.0
963    1175    25.6    3.0
963    1194    27.2    3.0
982    999    5.4    3.0
982    1021    7.5    3.0
982    1036    5.8    3.0
982    1047    11.2    3.0
982    1061    12.1    3.0
982    1080    16.2    3.0
982    1097    18.5    3.0
982    1116    21.8    3.0
982    1132    25.4    3.0
982    1151    26.6    3.0
982    1175    30.9    3.0
982    1194    32.9    3.0
999    1021    4.7    3.0
999    1036    7.0    3.0
999    1047    11.3    3.0
999    1061    12.8    3.0
999    1080    17.4    3.0
999    1097    18.5    3.0
999    1116    22.9    3.0
999    1132    25.5    3.0
999    1151    27.6    3.0
999    1175    31.2    3.0
999    1194    33.5    3.0
1021    1036    6.1    3.0
1021    1047    8.0    3.0
1021    1061    11.5    3.0
1021    1080    15.0    3.0
1021    1097    16.6    3.0
1021    1116    20.9    3.0
1021    1132    23.6    3.0
1021    1151    26.4    3.0
1021    1175    29.5    3.0
1021    1194    32.5    3.0
1036    1047    5.7    3.0
1036    1061    6.8    3.0
1036    1080    10.8    3.0
1036    1097    13.0    3.0
1036    1116    16.5    3.0
1036    1132    19.9    3.0
1036    1151    21.7    3.0
1036    1175    25.7    3.0
1036    1194    28.2    3.0
1047    1061    6.0    3.0
1047    1080    7.3    3.0
1047    1097    10.0    3.0
1047    1116    13.4    3.0
1047    1132    16.7    3.0
1047    1151    19.5    3.0
1047    1175    22.7    3.0
1047    1194    26.2    3.0
1061    1080    5.6    3.0
1061    1097    6.5    3.0
1061    1116    10.2    3.0
1061    1132    13.3    3.0
1061    1151    15.1    3.0
1061    1175    18.9    3.0
1061    1194    21.5    3.0
1080    1097    5.8    3.0
1080    1116    6.4    3.0
1080    1132    10.9    3.0
1080    1151    12.9    3.0
1080    1175    16.5    3.0
1080    1194    20.0    3.0
1097    1116    6.0    3.0
1097    1132    7.0    3.0
1097    1151    10.4    3.0
1097    1175    12.9    3.0
1097    1194    16.3    3.0
1116    1132    5.8    3.0
1116    1151    6.9    3.0
1116    1175    10.5    3.0
1116    1194    14.0    3.0
1132    1151    5.8    3.0
1132    1175    6.0    3.0
1132    1194    10.4    3.0
1151    1175    6.0    3.0
1151    1194    7.4    3.0
1175    1194    5.7    3.0
